8577
5467
7063
5227
7653
7289
9634
7877
5196
8441
4069
3179
6612
2794
3509
2458
689
707
1709
4960
3145
9635
7453
5863
8868
8675
7191
9606
8154
1084
3716
5126
7266
3858
3679
4543
8621
8422
1774
1865
918
1498
4390
3281
4521
200
550
5595
2406
451
2948
4362
1989
2740
6895
8304
8144
4321
9986
1552
2731
1897
311
277
924
3845
5996
5289
9690
6068
3929
7153
8695
518
432
5379
8963
448
1738
8263
9610
1484
7058
4937
7956
2537
2057
6184
3315
5664
5555
5587
9807
8898
7264
7571
8479
1142
9369
3905
4048
3168
9774
5220
6596
3795
9814
9113
3514
5310
4263
1393
2014
7177
6423
2030
7515
2127
6144
2385
8229
3653
3548
5259
1243
9015
6298
4347
423
6778
3214
4640
1441
2975
2046
354
4252
4936
4221
1939
8314
6866
4377
8727
887
6216
7492
8797
3696
4918
1426
2603
8300
4550
7678
1928
5458
9485
8196
753
8808
7094
1010
9557
8181
9057
2544
9657
2857
2859
9395
9119
65
7513
7396
6820
9063
2597
775
6209
6089
4636
9231
5345
503
9931
5723
4766
7435
7861
2805
9750
7251
3741
299
8532
7143
5293
2130
3044
5167
1795
5144
3736
2030
9959
7696
5040
942
5628
845
3045
852
5314
9953
1933
3376
6682
9519
759
8719
2006
9033
7113
929
3686
2683
9253
7761
5876
729
3242
5502
1286
5339
6678
4036
7222
8719
5568
2480
9930
6336
5901
701
1302
3049
6501
7018
7003
4969
4702
7419
96
4851
1429
6583
9206
3830
7221
6034
5310
7325
5790
9742
6190
7909
6650
2473
2636
2966
3395
1201
5440
9946
9183
4914
7260
7035
5993
3092
8407
2035
9207
8205
620
7293
4094
2517
7891
3470
5748
4524
8410
9971
9041
5332
6674
4852
169
291
9844
2002
6328
6189
7402
8437
5112
9335
8161
9493
169
4824
3718
4743
4695
2310
2379
2455
9322
8596
2645
5393
5960
2354
308
5777
4159
1278
8220
2223
1561
7005
2807
6455
4982
8091
6376
2631
3717
6369
9290
7065
1599
7000
1073
1182
9402
7528
4487
5496
4137
6249
1682
7453
6794
5209
6444
918
5122
8148
1621
141
2969
8692
5792
6014
2791
9116
8233
7412
2844
4983
6247
5458
5665
5972
3921
3502
9375
8219
6370
637
8374
8465
8530
1567
5003
5338
2574
629
8717
8074
2983
2791
4347
7991
3383
9432
5994
3038
4158
1729
8149
707
4941
9438
566
9651
1026
7916
8473
5302
7767
1162
4682
9799
2031
3714
5147
1554
4763
9211
4549
4750
3725
8415
3459
4104
475
4525
3648
5189
648
8592
3102
5632
1596
2838
7307
7513
6462
4702
8369
6261
8729
9415
8523
6367
6336
3936
9603
9227
9392
26
5031
3432
577
9321
5885
2795
2275
8168
7620
2467
9509
5073
8983
8414
2748
8549
9711
595
9615
8196
8549
5140
9621
6809
8172
5845
912
6336
8559
297
3152
5498
5390
939
5582
1879
5017
6390
4302
6303
2591
3331
7867
2309
4889
4270
5243
8528
4411
1498
5187
6801
6309
2548
1118
3812
4714
7475
535
9080
17
3260
3049
7113
3666
5652
6098
6521
2057
3778
2390
3933
6053
7803
8153
5495
7725
4979
6243
3792
852
4383
3189
2979
6758
5655
4209
9958
2048
2062
5295
4400
9786
3177
6397
5421
712
7516
4792
7741
6022
412
2685
5120
8312
7469
8114
3894
2210
8885
3223
4422
1292
4976
8945
3256
2821
8194
196
3844
6885
1968
597
8584
1495
1673
828
34
190
8036
9645
4097
3740
8305
1642
2994
2485
5474
811
828
877
892
3965
9561
803
566
3094
8220
5230
461
691
3128
8751
1124
7155
1988
6580
6932
4282
9625
8579
282
3951
8208
9853
6035
6032
9744
4502
6528
4613
3681
4069
2467
6570
7415
7267
1
1583
2524
2535
9312
7622
4532
9980
5020
997
9027
4293
3705
5015
1933
5168
8884
6315
6757
6814
8739
2939
6623
3105
6904
3205
3902
9942
1640
9448
5251
1382
3694
5677
4878
1094
8170
3228
3839
5722
709
3464
8182
1696
3301
1594
3756
2060
37
657
488
4889
8120
9755
3945
9851
4436
5584
7000
4468
3003
1322
9400
6653
3621
1949
8061
5079
7016
58
5895
3939
6807
1208
1993
3665
3594
2896
956
4167
1497
6206
4207
2157
2443
4191
1088
9107
8519
6059
2550
1427
7710
1227
5257
9404
3318
2287
8910
6477
2397
978
4610
5404
3492
6194
7065
2887
9020
8115
8457
9219
2583
7507
6785
4509
6533
4264
6492
8053
116
4252
4185
2414
3480
8511
7274
8767
7887
3890
8326
5084
7419
9163
2954
3704
2505
5701
4064
9863
579
6755
246
7754
4176
4415
1155
5648
1780
8308
7659
6681
1746
5096
9604
6834
4592
2836
8972
6687
3990
9270
1272
8510
1754
8102
2961
5237
7149
2319
7718
2908
5830
8633
9372
3125
8719
2100
4309
7091
6136
4968
1155
7797
7495
8837
568
1908
1889
4174
2931
7924
9851
6254
6774
2178
1634
1598
5727
9215
2290
3950
6820
8144
8898
3878
7948
1495
221
1042
7306
8167
4114
3202
2606
7019
3010
1037
2897
2667
2775
2812
793
48
5260
7977
7921
9321
9854
3762
1412
7663
4355
3811
4224
9511
469
2933
7148
1842
4248
7033
5266
6016
6791
2279
6703
2776
5499
2566
6479
1955
1217
9346
3264
3441
1564
2889
1864
989
5773
9022
9234
5415
1337
428
6845
8760
7790
6550
7208
5956
7933
1181
7370
5592
1808
1782
7198
6312
3736
9606
5260
430
7744
4688
113
1300
1678
4752
9815
6039
5311
2117
7480
123
2787
7642
5664
5453
4673
5798
7427
8438
9969
9903
6863
9660
3364
1606
6906
1681
8054
3657
7251
6559
9451
62
169
9634
76
2642
7052
1146
952
8096
3495
2246
9822
4606
5721
6965
1492
2056
6169
6704
614
4932
1052
8801
2224
1958
7705
5751
351
1526
4525
6626
9991
7001
1326
7263
2796
946
2911
794
1740
2326
3687
5059
5120
5785
6120
8485
5182
7015
856
979