8577
5467
7063
5227
7653
7289
9634
7877
5196
8441
4069
3179
6612
2794
3509
2458
689
707
1709
4960
3145
9635
7453
5863
8868
8675
7191
9606
8154
1084
3716
5126
7266
3858
3679
4543
8621
8422
1774
1865
918
1498
4390
3281
4521
200
550
5595
2406
451
2948
4362
1989
2740
6895
8304
8144
4321
9986
1552
2731
1897
311
277
924
3845
5996
5289
9690
6068
3929
7153
8695
518
432
5379
8963
448
1738
8263
9610
1484
7058
4937
7956
2537
2057
6184
3315
5664
5555
5587
9807
8898
7264
7571
8479
1142
9369
3905
4048
3168
9774
5220
6596
3795
9814
9113
3514
5310
4263
1393
2014
7177
6423
2030
7515
2127
6144
2385
8229
3653
3548
5259
1243
9015
6298
4347
423
6778
3214
4640
1441
2975
2046
354
4252
4936
4221
1939
8314
6866
4377
8727
887
6216
7492
8797
3696
4918
1426
2603
8300
4550
7678
1928
5458
9485
8196
753
8808
7094
1010
9557
8181
9057
2544
9657
2857
2859
9395
9119
65
7513
7396
6820
9063
2597
775
6209
6089
4636
9231
5345
503
9931
5723
4766
7435
7861
2805
9750
7251
3741
299
8532
7143
5293
2130
3044
5167
1795
5144
3736
2030
9959
7696
5040
942
5628
845
3045
852
5314
9953
1933
3376
6682
9519
759
8719
2006
9033
7113
929
3686
2683
9253
7761
5876
729
3242
5502
1286
5339
6678
4036
7222
8719
5568
2480
9930
6336
5901
701
1302
3049
6501
7018
7003
4969
4702
7419
96
4851
1429
6583
9206
3830
7221
6034
5310
7325
5790
9742
6190
7909
6650
2473
2636
2966
3395
1201
5440
9946
9183
4914
7260
7035
5993
3092
8407
2035
9207
8205
620
7293
4094
2517
7891
3470
5748
4524
8410
9971
9041
5332
6674
4852
169
291
9844
2002
6328
6189
7402
8437
5112
9335
8161
9493
169
4824
3718
4743
4695
2310
2379
2455
9322
8596
2645
5393
5960
2354
308
5777
4159
1278
8220
2223
1561
7005
2807
6455
4982
8091
6376
2631
3717
6369
9290
7065
1599
7000
1073
1182
9402
7528
4487
5496
4137
6249
1682
7453
6794
5209
6444
918
5122
8148
1621
141
2969
8692
5792
6014
2791
9116
8233
7412
2844
4983
6247
5458
5665
5972
3921
3502
9375
8219
6370
637
8374
8465
8530
1567
5003
5338
2574
629
8717
8074
2983
2791
4347
7991
3383
9432
5994
3038
4158
1729
8149
707
4941
9438
566
9651
1026
7916
8473
5302
7767
1162
4682
9799
2031
3714
5147
1554
4763
9211
4549
4750
3725
8415
3459
4104
475
4525
3648
5189
648
8592
3102
5632
1596
2838
7307
7513
6462
4702
8369
6261
8729
9415
8523
6367
6336
3936
9603
9227
9392
26
5031
3432
577
9321
5885
2795
2275
8168
7620
2467
9509
5073
8983
8414
2748
8549
9711
595
9615
8196
8549
5140
9621
6809
8172
5845
912
6336
8559
297
3152
5498
5390
939
5582
1879
5017
6390
4302
6303
2591
3331
7867
2309
4889
4270
5243
8528
4411
1498
5187
6801
6309
2548
1118
3812
4714
7475
535
9080
17
3260
3049
7113
3666
5652
6098
6521
2057
3778
2390
3933
6053
7803
8153
5495
7725
4979
6243
3792
852
4383
3189
2979
6758
5655
4209
9958
2048
2062
5295
4400
9786
3177
6397
5421
712
7516
4792
7741
6022
412
2685
5120
8312
7469
8114
3894
2210
8885
3223
4422
1292
4976
8945
3256
2821
8194
196
3844
6885
1968
597
8584
1495
1673
828
34
190
8036
9645
4097
3740
8305
1642
2994
2485
5474
811
828
877
892
3965
9561
803
566
3094
8220
5230
461
691
3128
8751
1124
7155
1988
6580
6932
4282
9625
8579
282
3951
8208
9853
6035
6032
9744
4502
6528
4613
3681
4069
2467
6570
7415
7267
1
1583
2524
2535
9312
7622
4532
9980
5020
997
9027
4293
3705
5015
1933
5168
8884
6315
6757
6814
8739
2939
6623
3105
6904
3205
3902
9942
1640
9448
5251
1382
3694
5677
4878
1094
8170
3228
3839
5722
709
3464
8182
1696
3301
1594
3756
2060
37
657
488
4889
8120
9755
3945
9851
4436
5584
7000
4468
3003
1322
9400
6653
3621
1949
8061
5079
7016
58
5895
3939
6807
1208
1993
3665
3594
2896
956
4167
1497
6206
4207
2157
2443
4191
1088
9107
8519
6059
2550
1427
7710
1227
5257
9404
3318
2287
8910
6477
2397
978
4610
5404
3492
6194
7065
2887
9020
8115
8457
9219
2583
7507
6785
4509
6533
4264
6492
8053
116
4252
4185
2414
3480
8511
7274
8767
7887
3890
8326
5084
7419
9163
2954
3704
2505
5701
4064
9863
579
6755
246
7754
4176
4415
1155
5648
1780
8308
7659
6681
1746
5096
9604
6834
4592
2836
8972
6687
3990
9270
1272
8510
1754
8102
2961
5237
7149
2319
7718
2908
5830
8633
9372
3125
8719
2100
4309
7091
6136
4968
1155
7797
7495
8837
568
1908
1889
4174
2931
7924
9851
6254
6774
2178
1634
1598
5727
9215
2290
3950
6820
8144
8898
3878
7948
1495
221
1042
7306
8167
4114
3202
2606
7019
3010
1037
2897
2667
2775
2812
793
48
5260
7977
7921
9321
9854
3762
1412
7663
4355
3811
4224
9511
469
2933
7148
1842
4248
7033
5266
6016
6791
2279
6703
2776
5499
2566
6479
1955
1217
9346
3264
3441
1564
2889
1864
989
5773
9022
9234
5415
1337
428
6845
8760
7790
6550
7208
5956
7933
1181
7370
5592
1808
1782
7198
6312
3736
9606
5260
430
7744
4688
113
1300
1678
4752
9815
6039
5311
2117
7480
123
2787
7642
5664
5453
4673
5798
7427
8438
9969
9903
6863
9660
3364
1606
6906
1681
8054
3657
7251
6559
9451
62
169
9634
76
2642
7052
1146
952
8096
3495
2246
9822
4606
5721
6965
1492
2056
6169
6704
614
4932
1052
8801
2224
1958
7705
5751
351
1526
4525
6626
9991
7001
1326
7263
2796
946
2911
794
1740
2326
3687
5059
5120
5785
6120
8485
5182
7015
856
979
1684
3310
1307
1405
5716
3358
534
8203
4085
5335
3217
4724
9581
7356
540
5820
7437
9361
795
7279
3282
481
3529
4648
2921
958
29
3013
9242
2681
7975
4304
6563
7392
3060
3675
7727
6640
5396
1529
4279
2518
3525
2761
5003
3287
3827
9751
3164
2903
8165
713
7750
8550
7552
9911
9029
5213
4676
1363
3734
1369
3077
2531
193
4849
5805
9627
8711
2947
1356
1034
7517
5822
9708
454
9595
7265
6270
6315
700
1895
6549
9016
3877
2835
9355
2562
811
8955
1352
2158
5281
5709
772
4325
9081
8660
3100
1091
5680
3738
6541
4836
1948
3306
91
5336
3267
2079
2012
5582
2333
1973
1535
7925
6958
9949
1595
7123
7192
7899
5411
1839
7068
8644
4736
1162
1297
7119
2564
7707
2213
783
8140
3865
7278
8341
7056
2753
2482
824
4256
436
1914
4089
2773
987
8851
6820
5993
931
8665
3072
6271
4654
8844
3428
7704
7331
6471
3831
5880
6929
8446
6163
2409
1864
4782
9612
7054
5858
272
6912
5273
6572
4854
4503
3978
9560
7976
685
3334
4134
7283
816
7409
2668
6920
3627
1477
9935
5797
7717
8791
4023
1084
2275
4659
5387
7293
1116
594
5624
6229
4067
6392
2499
8129
4792
2924
2820
9317
9095
3464
9694
6661
2781
6369
5755
4171
3121
6915
8889
2031
3005
1106
2068
3388
1826
9269
3804
9208
2160
2249
830
6507
6323
8006
9536
278
1841
1450
7747
4418
9915
5290
3386
1978
5934
4753
1604
32
6101
3944
6920
9492
9241
6693
1954
5188
7834
9679
9292
6487
7367
654
8071
3824
8029
9571
1820
1398
7852
5457
9143
1388
1322
6785
3796
9974
2553
8227
5715
500
7073
1550
9566
4063
1279
3486
2386
2870
3635
8392
6847
6652
6670
8505
1755
7459
3846
9606
6293
3155
335
4908
9615
4896
1802
4982
2322
8953
229
6522
1401
8138
854
7783
5181
3186
9288
3479
9878
9387
2871
6973
4272
8786
5318
2566
4099
3256
8747
5690
2715
8771
2116
3830
9586
6177
158
5977
3176
8780
1863
3429
9786
2069
2571
9754
4929
5868
8750
2727
8762
4255
9500
6047
2186
3538
3868
3657
5137
3618
8016
4467
3657
3036
1332
311
7292
3024
5504
4929
3381
885
5671
6800
9811
7979
7668
3638
2787
2678
458
1353
1177
3548
7794
5307
4017
3117
8191
6664
2711
7513
7254
1642
4502
2298
1432
6501
8779
9797
7265
6059
2775
8255
5181
8554
8225
8117
1899
4671
5543
5747
517
3536
7076
9905
2334
3504
6010
1294
9473
535
2480
472
2370
1983
3446
4472
1179
8614
7907
7415
5182
2652
4006
5447
9234
4669
9591
1294
1330
7152
2801
8768
346
7523
4226
2530
8014
8453
7220
3404
4210
8279
7912
4585
9586
9321
1497
9030
4648
6926
6349
3362
9304
7051
2535
8575
1982
5187
6284
2882
2342
4445
6975
6999
6675
5620
8206
7185
44
7031
9512
6344
4211
6970
289
8507
5440
6549
2476
7013
1225
5776
3590
1683
9996
668
6637
5317
2891
4211
8493
4818
1625
8972
3292
7258
1550
4196
2407
6198
3943
5179
7570
8573
6597
7744
8704
7457
6779
5622
3016
1020
5611
3563
6926
2986
7934
3973
7398
4914
6738
9908
4218
5601
6184
2221
9791
7927
2325
3685
8031
8458
5542
7899
8884
115
3803
5797
67
3214
765
7559
2563
5212
7817
2751
1468
4441
4107
6499
8717
8170
3614
4508
9271
293
3338
4741
7325
8949
1669
8580
4096
9416
989
9256
3761
2552
3574
391
9093
4120
4868
2441
3375
5315
3169
9867
139
9780
9815
6843
7306
7450
8920
4300
7279
515
713
6144
9558
1831
7562
7439
7430
1087
6738
2377
5317
9031
8971
4846
8317
5080
6876
9408
523
8617
2303
5499
3672
9301
6674
2664
2687
6682
3375
9641
9680
4454
6253
5104
2968
9641
3300
2881
2675
2047
9562
9452
9483
4264
8364
6550
8082
7561
4887
6669
1891
3968
1170
4298
616
9860
6609
683
7198
1358
3004
4945
5723
6859
8212
9358
6842
7011
7486
1589
2283
7435
6542
1735
5002
4520
5439
6950
6544
9593
7311
1492
8173
1781
1030
4976
7329
4878
1858
6682
5988
8529
9148
8693
2473
9041
5157
5706
3285
135
4040
4307
6520
8953
5073
9538
3428
7636
9191
1556
9674
5769
2872
205
2880
4030
8460
311
7985
4338
4974
5509
7018
6813
8460
3425
4803
8874
5967
8
7210
6769
2193
5842
3467
4866
2864
2241
9130
3007
3929
9940
1253
7242
604
8202
2330
4253
5346
7138
4570
4784
8819
1073
1062
6387
2905
5746
5403
793
9834
7190
6344
6232
6487
5064
9012
9999
7933
8282
9287
1594
9275
5739
2874
1731
9857
9940
5658
7551
8888
6362
6878
9326
6570
6343
1706
8991
9761
6322
4773
5797
6263
1239
1228
9404
6780
4905
6862
5742
8613
5166
3893
5917
165
6650
3946
3515
291
8936
4810
586
1600
2944
2522
7634
1717
3355
5349
7931
1619
9881
1226
1447
5071
5202
5212
8732
8239
2360
8530
47
3551
9455
5751
63
6841
4432
1686
3437
1879
7770
4543
1582
1303
5911
6922
5939
8059
3204
1203
8069
6381
5217
887
1867
6386
1193
4462
8220
1347
8485
3347
7428
1702
6779
482
9677
4867
4909
1128
8900
4906
8086
2429
328
1137
8350
3314
7039
9711
6049
1292
5836
7262
5183
7694
7741
651
386
7954
3437
1895
8400
8451
8961
2337
1827
6513
1970
5112
7966
5114
3874
9971
591
8850
8173
9550
7412
2746
291
1100
1112
452
9222
2791
6694
3399
6320
8619
3017
7478
1514
990
1289
8799
2286
5039
8350
5088
5712
3760
7552
4302
8887
7985
5049
7003
8032
306
4313
4077
1614
6963
6675
6331
7780
6807
731
7562
1415
1359
8386
7637
1147
5050
395
7156
1604
9702
9164
263
1240
2308
1675
7160
1031
172
294
2896
4377
2479
4325
3979
3493
2353
86
9392
2626
8464
2334
7562
3398
250
4855
5845
2589
5806
3024
4100
7679
6534
6148
8904